      5   -2.5961852   -0.1142120   -1.8379430
     12   -2.6293552   -0.2351560   -1.6900061
     13   -2.6078076   -0.1895612   -1.4371798
     14   -2.9036801   -0.2351621   -1.5205612
     23   -2.6681397   -0.2258197   -1.4270612
     31   -2.5297811   -0.2124468   -1.2661061
     38   -2.8620312   -0.2236687   -1.3635556
     39   -2.7512410   -0.2548342   -1.4279091
     41   -2.9364412   -0.2563415   -1.4656392
     51   -2.7476163   -0.2385360   -1.4041229
     57   -2.6246378   -0.2121271   -1.2078007
     63   -2.5737479   -0.1244905   -1.2253307
     79   -2.7126479   -0.1816744   -1.1703383
     83   -2.6118505   -0.1215819   -1.2370770
     86   -2.5720584   -0.1208947   -1.3677464
     88   -2.7111225   -0.3586355   -1.2479544
     91   -2.6506286   -0.1924342   -1.0875126
    103   -2.6014888   -0.1411512   -1.1548769
    105   -2.5523715   -0.1204177   -1.3365262
    112   -2.5194702   -0.2140734   -1.4861152
    115   -2.5257297   -0.3840254   -1.4978129
    117   -2.5308692   -0.2649465   -1.4976126
    120   -2.5646605   -0.2072295   -1.4251952
    121   -2.6268666   -0.2431078   -1.3408089
    122   -2.6622169   -0.2091105   -1.4020925
    123   -2.5175967   -0.1457980   -1.4126180
    124   -2.4276259   -0.1414473   -1.5091619
    125   -2.3281453   -0.0445730   -1.5847992
    126   -2.3769605   -0.0872594   -1.4210100
    127   -2.4598238   -0.1485183   -1.5690355
    128   -2.5439467   -0.1592593   -1.5607718
    129   -2.5295036   -0.2265404   -1.1999723
    138   -2.5436132   -0.1250750   -1.4670507
    140   -2.5458801   -0.1891997   -1.6636128
    142   -2.5417862   -0.2057512   -1.2411653
    145   -2.3471372   -0.1242137   -1.3686687
    147   -2.3439667   -0.1214467   -1.2326678
    148   -2.3668823   -0.1211310   -1.4635876
    150   -2.4269121   -0.1958979   -1.6148340
    162   -2.5185432   -0.1237247   -1.7452716
    166   -2.5381224   -0.1679087   -1.6102315
    170   -2.7515597   -0.3843012   -1.4880952
    176   -2.5623126   -0.3610695   -1.5924164
    185   -2.7211220   -0.2281433   -1.4741094
    196   -2.7035015   -0.2278408   -1.6129988
    197   -2.6398840   -0.2195121   -1.6375344
    201   -2.5381262   -0.1576351   -1.5781687
    212   -2.4717808   -0.1655099   -1.6888655
    225   -2.6695125   -0.2987372   -1.5112377
    231   -2.6729312   -0.3178612   -1.5303026
    234   -2.6503789   -0.2473625   -1.5053120
    235   -2.5605121   -0.3474938   -1.5119376
    242   -2.6221669   -0.2770644   -1.3508124
    255   -2.6447415   -0.2955912   -1.3456692
    256   -2.3918159   -1.0981612   -1.4758247
    264   -2.7697158   -0.1998620   -1.3062812
    265   -2.6102707   -0.2049447   -1.1919125
    276   -2.7691936   -0.2772993   -1.5912116
    287   -2.6682673   -0.1412142   -1.2881687
    290   -2.6114995   -0.1251750   -1.4820397
    293   -2.5294576   -0.1289796   -1.6082788
    294   -2.6128912   -0.2090664   -1.6798229
    301   -2.6983120   -0.2418127   -1.2830642
    306   -2.6184435   -0.1678326   -1.3616312
    312   -2.6001914   -0.1322426   -1.3911059
    323   -2.6717279   -0.2124667   -1.5901288
    334   -2.7128155   -0.2447986   -1.5922753
    342   -2.5273089   -0.2243675   -1.6122174
    345   -2.5721302   -0.2206575   -1.5511211
    346   -2.4699123   -0.1814329   -1.6674982
    355   -2.5571620   -0.1445123   -1.6882699
    360   -2.4679365   -0.1204425   -1.7484640
    361   -2.3891201   -0.0205261   -1.6890608
    365   -2.4304380   -0.1401215   -1.6101474
    366   -2.3306124   -0.0352092   -1.4952383
    368   -2.4907439   -0.1225138   -1.6457871
    370   -2.5681155   -0.1228317   -1.6146771
    375   -2.6500559   -0.1997412   -1.4948460
    385   -2.4301896   -0.1288922   -1.4821925
    386   -2.3792086   -0.1221796   -1.6747317
    387   -2.4476047   -0.1253544   -1.6566901
    390   -2.4695385   -0.1741424   -1.5511112
    392   -2.5231292   -0.1836688   -1.5603967
    397   -2.4953234   -0.1384352   -1.5971299
    401   -2.4257612   -0.1177500   -1.5981550
    403   -2.4125133   -0.0759251   -1.5931759
    411   -2.4902513   -0.1258644   -1.6626997
    412   -2.3724608   -0.0726152   -1.4873961
    421   -2.3825126   -0.0693861   -1.4734212
    424   -2.4412537   -0.0513474   -1.5496163
    425   -2.4126005   -0.0999920   -1.5432358
    437   -2.6699736   -0.1572148   -1.4128736
    449   -2.5667911   -0.1214866   -1.6916090
    452   -2.5100012   -0.2292338   -1.2371310
    453   -2.4946804   -0.1122885   -1.6434226
    459   -2.7325580   -0.4986283   -1.4341210
    472   -2.5361822   -0.1151252   -1.5769762
    476   -2.2723634   -0.0839043   -1.1924312
    484   -2.5338647   -0.1230158   -1.4125088
    487   -2.2551122   -0.1879734   -1.4469590
    492   -2.3652442   -0.4088009   -1.6876612
    498   -2.3508317   -0.0391207   -1.6903042
    501   -2.2702672   -0.0511920   -1.2821290
    508   -2.4012082   -0.0712829   -1.4113607
    512   -2.3671227   -0.0890630   -1.3294474
    514   -2.4282982   -0.0911012   -1.4415585
    518   -2.3936555    0.0043828   -1.5612097
    521   -2.2661023   -0.0856427   -1.2478127
    529   -2.3499346   -0.0531285   -1.5355630
    542   -2.4212382    0.0222897   -1.5702455
    544   -2.4963143   -0.0412552   -1.6127584
    549   -2.3368812   -0.0899359   -1.0560582
    552   -2.4398823   -0.1230451   -1.3326341
    553   -2.4151273   -0.0257171   -1.3116187
    562   -2.3974493   -0.1677302   -1.4012884
    570   -2.4120469   -0.0595718   -1.4440875
    572   -2.4376366   -0.4123193   -1.7125198
    574   -2.5675809   -0.2748310   -1.4804128
    584   -2.5270016   -0.0714925   -1.3794122
    587   -2.5090306   -0.2061423   -1.5191243
    589   -2.3127484   -0.2322215   -1.3503368
    604   -2.2095389   -0.1424506   -1.3812921
    606   -2.4800560   -0.0612455   -1.3003917
    612   -2.3231816   -0.0835307   -1.3594536
    615   -2.2812591    0.0006553   -1.2328143
    618   -2.5201740   -0.1247092   -1.4909632
    622   -2.4060812    0.0179561   -1.3160552
    628   -2.6941266   -0.1659127   -1.5706761
    633   -2.6456754   -0.2049781   -1.4758124
    635   -2.6814125   -0.2094035   -1.5244642
    641   -2.5639012   -0.1578240   -1.5349259
    643   -2.6529119   -0.1221396   -1.5601131
    654   -2.5805254   -0.1223286   -1.5491687
    655   -2.6412115   -0.1521269   -1.5705297
    663   -2.6327240   -0.1230784   -1.6543772
    670   -2.7128513   -0.1889564   -1.5534643
    672   -2.6130304   -0.1663124   -1.2480869
    678   -2.5048084   -0.0767128   -1.4865133
    686   -2.4931207   -0.2266902   -1.7333444
    699   -2.4785538   -0.0911245   -1.3025249
    702   -2.5008123   -0.0623180   -1.4068930
    712   -2.3340423   -0.2097114   -1.2369157
    716   -2.3145061    0.0401082   -1.2128907
    717   -2.4809818   -0.1244461   -1.3408301
    723   -2.7924788   -0.2606325   -1.5120871
    726   -2.5428391   -0.1209035   -1.3382014
    728   -2.5134623   -0.4259922   -1.6553128
    736   -2.5173447   -0.1600112   -1.6333148
    758   -2.5055985   -0.1276296   -1.3810817
    769   -2.7603612   -0.3082639   -1.5489026
    788   -2.4373579   -0.0562120   -1.4249423
    795   -2.5988121   -0.3133883   -1.4374617
    797   -2.7673745   -0.1912112   -1.7688255
    800   -2.6765127   -0.2908537   -1.7654761
    805   -2.7082219   -0.2108234   -1.5611228
    806   -2.6939352   -0.2388675   -1.5711267
    812   -2.2935131   -0.0325939   -1.3708429
    815   -2.2794187   -0.0282916   -1.1412034
    816   -2.3375175   -0.0378106   -1.3267127
    822   -2.2686667   -0.0456712   -1.2820122
    823   -2.3366940   -0.0248621   -1.2681122
    824   -2.3540812   -0.1369361   -1.3056043
    837   -2.3873661    0.0301243   -0.8154926
    838   -2.3604467    0.0120776   -1.0500039
    845   -2.4124472   -0.0400712   -1.6036731
    864   -2.5219193   -0.1904120   -1.8453789
    882   -2.3119218   -0.0119877   -1.1264477
    886   -2.5312810   -0.1099164   -1.7432615
    889   -2.7239802   -0.2598012   -1.6474698
    900   -2.6557908   -0.2076185   -1.7124346
    903   -2.4714928   -0.1561018   -1.8126724
    904   -2.5225623   -0.1387606   -1.6124463
    912   -2.6516244   -0.1570352   -1.6415237
    914   -2.7197895   -0.1595837   -1.6161262
    915   -2.6739681   -0.2380128   -1.6391081
    917   -2.6921904   -0.2127654   -1.5626723
    920   -2.6563365   -0.1286383   -1.5714630
    936   -2.6585078   -0.1918269   -1.5812819
    957   -2.6805787   -0.3647220   -1.5894812
    959   -2.7361257   -0.2046201   -1.7722826
    962   -2.7378225   -0.2101211   -1.5975077
    965   -2.6812086   -0.2069198   -1.5697529
    973   -2.6511538   -0.1978106   -1.6126705
    976   -2.3921294   -0.0524648   -1.4611733
    981   -2.6541293   -0.2189888   -1.8311236
    982   -2.7190344   -0.2662211   -1.7122507
    987   -2.7096303   -0.2591248   -1.6510699
    990   -2.6165287   -0.1288391   -1.6685406
    994   -2.5993118   -0.1288077   -1.3530775
    997   -2.4870431   -0.0393129   -1.5168879
   1003   -2.6342940   -0.2059277   -1.5320127
   1008   -2.3766637   -0.0133552   -1.2171297
   1012   -2.3549442   -0.0329651   -1.2775719
   1014   -2.5276284   -0.1315892   -1.6127760
   1017   -2.2734222   -0.1266190   -1.5473485
   1019   -2.3018126   -0.0351186   -1.3951012
   1025   -2.4150612   -0.0598929   -1.4210510
   1038   -2.3915112    0.0202215   -1.2548488
   1045   -2.2538278   -0.0028127   -1.2266976
   1048   -2.3230877    0.0069047   -1.4052125
   1049   -2.1962008    0.0495781   -1.1764129
   1056   -2.3221366   -0.0029120   -1.5472548
   1058   -2.1952014    0.0247928   -1.3212577
   1064   -2.6393807   -0.1220438   -1.8391153
   1065   -2.7301009   -0.2312627   -1.6999105
   1070   -2.6151030   -0.1219438   -1.7500073
   1079   -2.1283255    0.0751680   -1.4885889
   1080   -2.1707733    0.0336523   -1.5512408
   1081   -2.1241548   -0.0727657   -1.2775775
   1082   -2.1784809   -0.0118971   -1.1496129
   1090   -2.5133712   -0.1432236   -1.1718081
   1091   -2.5902255   -0.1283571   -1.4490415
   1093   -2.4123099   -0.0502364   -1.4926342
   1106   -2.4568121   -0.0441739   -1.3949280
   1112   -2.6473551   -0.1081721   -1.4492117
   1116   -2.5763559   -0.1092501   -1.4912792
   1120   -2.4358895   -0.1236941   -1.5236282
   1121   -2.5005538   -0.3794385   -1.6371061
   1122   -2.6350443   -0.1030470   -1.4303178
   1123   -2.4991770   -0.2725861   -1.3688536
   1124   -2.7662497   -0.1417049   -1.3293571
   1125   -2.7041240   -0.1127540   -1.4379313
   1126   -2.5058222   -0.0402866   -1.4085506
   1127   -2.3947802   -0.0489392   -1.5043840
   1128   -2.6572323   -0.1336855   -1.5011805
   1129   -2.6593421   -0.1325542   -1.4886777
   1143   -2.5493250   -0.2851281   -1.3517210
   1146   -2.4061131   -0.2975198   -1.3017129
   1149   -2.3841822   -0.2544129   -1.3961188
   1154   -2.5217206   -0.3005364   -1.4147122
   1156   -2.6191051   -0.1245742   -1.4224124
   1160   -2.5970929   -0.1206718   -1.2898054
   1165   -2.6127074   -0.1126728   -1.5674319
   1172   -2.6891475   -0.1711468   -1.5649312
   1177   -2.5968099   -0.1192580   -1.2963812
   1188   -2.7008729   -0.1208394   -1.2658551
   1189   -2.6529574   -0.1270716   -1.4602231
   1190   -2.6108236   -0.1214724   -1.3303181
   1197   -2.5127423   -0.1929343   -1.3995966
   1200   -2.5588357   -0.0644265   -1.5456342
   1201   -2.7217517   -0.2345081   -1.4878886
   1202   -2.7570612   -0.1785635   -1.4626619
   1203   -2.5216813   -0.0527407   -1.5508453
   1204   -2.7157834   -0.2987848   -1.2585728
   1205   -2.6843340   -0.1469802   -1.3727723
   1206   -2.6612716   -0.1410772   -1.4124335
   1207   -2.5962696   -0.0803012   -1.3884269
   1208   -2.5105321   -0.0561104   -1.5800587
   1209   -2.6384032   -0.1025077   -1.4602586
   1210   -2.6085620   -0.2265301   -1.4518633
   1211   -2.6453245   -0.1247526   -1.4125938
   1212   -2.5009210   -0.1214174   -1.4522688
   1213   -2.8107572   -0.2315280   -1.3592175
   1214   -2.7823129   -0.1902122   -1.2146368
   1215   -2.6842980   -0.2104701   -1.3593698
   1216   -2.5990453   -0.2307847   -1.4609488
   1217   -2.5670049   -0.3673675   -1.5110487
   1218   -2.6655345   -0.2641744   -1.5286561
   1219   -2.5865188   -0.2513112   -1.4117781
   1220   -2.6176629   -0.1821988   -1.4212835
   1221   -2.7450395   -0.2072511   -1.3000847
   1222   -2.7358243   -0.1641463   -1.5004433
   1223   -2.7088289   -0.2526693   -1.4832300
   1224   -2.6165795   -0.1824402   -1.1970673
   1225   -2.5864162   -0.1078351   -1.5133618
   1226   -2.6391404   -0.1078385   -1.4368713
   1227   -2.6678364   -0.1304027   -1.4422686
   1228   -2.6022015   -0.1116502   -1.4625371
   1229   -2.6430137   -0.1814404   -1.5621595
   1230   -2.5557702   -0.1123756   -1.4298037
   1231   -2.5586789   -0.2465335   -1.4208835
   1232   -2.5266395   -0.3266147   -1.3895757
   1233   -2.5522635   -0.1429585   -1.4399010
   1234   -2.7797689   -0.1613356   -1.3201185
   1235   -2.6816750   -0.1185413   -1.3869643
   1236   -2.6669009   -0.1124093   -1.4165183
   1237   -2.5645618   -0.0886422   -1.4014339
   1238   -2.6031139   -0.1178983   -1.4297615
   1239   -2.7220623   -0.1546415   -1.2974370
   1240   -2.7046697   -0.1360801   -1.4227574
   1241   -2.8228147   -0.2117149   -1.5333698
   1242   -2.8188269   -0.2017853   -1.5619111
   1243   -2.7190065   -0.2509718   -1.5343248
   1244   -2.7530785   -0.2499661   -1.4909335
   1245   -2.6172638   -0.2734663   -1.5334886
   1246   -2.7622924   -0.2318951   -1.6245084
   1247   -2.6185956   -0.5477462   -1.5852383
   1248   -2.6341841   -0.2550703   -1.4531696
   1249   -2.6414080   -0.2398223   -1.2867675
   1250   -2.4251697   -0.3416176   -1.6335194
   1251   -2.6538861   -0.5671741   -1.5387133
   1252   -2.7869077   -0.2131863   -1.3557845
   1253   -2.6773705   -0.2337393   -1.4556755
   1254   -2.5610151   -0.3576072   -1.3508217
   1255   -2.4835529   -0.2765195   -1.5728304
   1256   -2.4473925   -0.5552860   -1.4817334
   1257   -2.5723529   -0.3709756   -1.4216311
   1258   -2.7504930   -0.3614462   -1.3935554
   1259   -2.6664743   -0.4341486   -1.5051383
   1260   -2.6256588   -0.2445872   -1.5871761
   1261   -2.6502235   -0.4929242   -1.4442276
   1262   -2.7058611   -0.2873135   -1.2801442
   1263   -2.7355821   -0.3400127   -1.4600271
   1264   -2.8077903   -0.3797842   -1.3201032
   1265   -2.7402463   -0.5414495   -1.4252138
   1266   -2.7761929   -0.3059417   -1.5944769
   1267   -2.8034024   -0.1964030   -1.1959780
   1268   -2.8683925   -0.2286956   -1.3247758
   1269   -2.7899120   -0.2668966   -1.2779822
   1270   -2.7608595   -0.2036509   -1.3846598
   1271   -2.9593456   -0.2531377   -1.2682598
   1272   -2.8319581   -0.4980297   -1.4629837
   1273   -2.8191726   -0.2628171   -1.4377183
   1274   -2.7683494   -0.3813468   -1.4270146
   1275   -2.7202168   -0.2910793   -1.4585334
   1276   -2.7864809   -0.2970923   -1.3140018
   1277   -2.7610800   -0.3487467   -1.6058983
   1278   -2.7986238   -0.2987678   -1.6596899
   1279   -2.6425004   -0.4012842   -1.6358876
   1280   -2.6187625   -0.1922472   -1.7018481
   1281   -2.8361115   -0.2221669   -1.4781309
   1282   -2.7787144   -0.1807095   -1.4304283
   1283   -2.5946434   -0.1406258   -1.4064051
   1284   -2.8185091   -0.2166044   -1.2006850
   1285   -2.8457837   -0.2604467   -1.3058383
   1286   -2.7227824   -0.1444679   -1.1836748
   1287   -2.6806543   -0.1327537   -1.4339545
   1288   -2.6491315   -0.1081753   -1.2954804
   1289   -2.6872365   -0.1460088   -1.3584318
   1290   -2.6039224   -0.1058610   -1.4855527
   1291   -2.5502419   -0.1014340   -1.5357282
   1292   -2.4676342   -0.0437815   -1.4425093
   1293   -2.7096732   -0.1763699   -1.3738538
   1294   -2.6035099   -0.1407070   -1.3797612
   1295   -2.5541208   -0.2267595   -1.4253906
   1296   -2.5126734   -0.3366995   -1.5295010
   1297   -2.5233395   -0.1818541   -1.4694937
   1298   -2.5412660   -0.3197319   -1.3764883
   1299   -2.4769480   -0.1197870   -1.4710981
   1301   -2.4918175   -0.1298127   -1.4212773
   1303   -2.3511226   -0.9033987   -1.4334686
   1312   -2.6539428   -0.1201963   -1.3871728
   1324   -2.8125858   -0.3183926   -1.3374232
   1332   -2.6743941   -0.1273368   -1.4735465
   1335   -2.4814193   -0.0403977   -1.5153121
   1341   -2.5135224   -0.3121950   -1.6246648
   1343   -2.6301243   -0.0980863   -1.3739609
   1344   -2.4529560   -0.0537612   -1.3711534
   1347   -2.4039683   -0.1186302   -1.5127089
   1356   -2.6400471   -0.0893918   -1.2481412
   1365   -2.6102450   -0.3212731   -1.3297621
   1384   -2.7283268   -0.1127161   -1.3606880
   1385   -2.7334135   -0.2353901   -1.1780127
   1388   -2.6545768   -0.1728258   -1.2453312
   1391   -2.5122089   -0.1682449   -1.2963407
   1396   -2.4072814   -0.0124752   -1.4825554
   1402   -2.6121116   -0.6744990   -1.4880781
   1410   -2.7812135   -0.1830611   -1.3736728
   1411   -2.8693757   -0.3150616   -1.4123688
   1412   -2.6647692   -0.4880612   -1.4748302
   1415   -2.7712584   -0.3966586   -1.4156358
   1420   -2.7057481   -0.1712062   -1.4735488
   1423   -2.5874636   -0.1981204   -1.4358865
   1434   -2.7596428   -0.1282198   -1.3115386
   1452   -2.8753946   -0.2123036   -1.3852843
   1455   -2.7377465   -0.1498440   -1.4125001
   1457   -2.7635903   -0.1287932   -1.6062573
   1469   -2.7619915   -0.1425209   -1.3651112
   1470   -2.6911068   -0.2076212   -1.3204763
   1472   -2.6246357   -0.1912727   -1.4703708
   1480   -2.6303825   -0.1227895   -1.4878219
   1481   -2.5720453   -0.1341415   -1.3983122
   1486   -2.6645129   -0.1022501   -1.2479928
   1490   -2.8583939   -0.2416730   -1.1240753
   1493   -2.8061235   -0.1657073   -1.3127606
   1494   -2.7812686   -0.2141698   -1.4607087
   1498   -2.7573407   -0.1299605   -1.2276818
   1504   -2.4856756   -0.1227721   -1.5217466
   1512   -2.6068845   -0.2581320   -1.3286519
   1526   -2.6378245   -0.1784406   -1.3112175
   1530   -2.6058712   -0.1194597   -1.4062512
   1533   -2.4712555   -0.1407280   -1.7034816
   1535   -2.5611179   -0.1284779   -1.5210289
   1542   -2.6211252   -0.1753474   -1.3884497
   1544   -2.4335856   -0.1326332   -1.5633129
   1554   -2.5285683   -1.0445642   -1.4124626
   1558   -2.5201247   -0.3471404   -1.5488263
   1564   -2.7501278   -0.1878913   -1.2400587
   1569   -2.7149720   -0.1921204   -1.4337360
   1572   -2.7577419   -0.2366128   -1.3812282
   1573   -2.5212796   -0.1070736   -1.6749704
   1574   -2.5931025   -0.2221323   -1.4127398
   1577   -2.7311063   -0.2475540   -1.4312843
   1579   -2.6136994   -0.1320350   -1.7139122
   1592   -2.8342083   -0.1322222   -1.4954712
   1603   -2.6629770   -0.1257431   -1.4116671
   1606   -2.7454827   -0.2590012   -1.3034067
   1612   -2.6982789   -0.1147399   -1.5902267
   1619   -2.5097206   -0.1249069   -1.6519606
   1645   -2.4670744   -0.1846381   -1.1247059
   1648   -2.5377908   -0.1278234   -1.1977458
   1651   -2.5176785   -0.1212674   -1.3470457
   1653   -2.4688640   -0.2446703   -1.4269125
   1656   -2.5504508   -0.1222975   -1.3720905
   1657   -2.6283114   -0.1215540   -1.3893839
   1658   -2.5804801   -0.0183454   -1.1227149
   1662   -2.6108835   -0.0738077   -1.1978812
   1665   -2.4926596   -0.1631289   -1.4693463
   1668   -2.5840149   -0.1290894   -1.3854169
   1670   -2.5607357   -0.1289568   -1.3317369
   1672   -2.3327851   -0.0472053   -1.5787126
   1674   -2.2964034   -0.1272110   -1.6666927
   1682   -2.5797002   -0.1222444   -1.5113744
   1685   -2.6030977   -0.1276266   -1.3963697
   1694   -2.4186165   -0.0375870   -1.3853123
   1695   -2.5095985   -0.0393639   -1.1210332
   1701   -2.4927950   -0.0612055   -1.4357456
   1703   -2.4752612   -0.1367805   -1.3289886
   1704   -2.3791304    0.0031872   -1.3641126
   1705   -2.3966489   -0.0198398   -1.5771232
   1712   -2.3662553   -0.0140677   -1.5401943
   1716   -2.4758062   -0.0935012   -1.5120836
   1717   -2.3809171   -0.0206121   -1.2021408
   1722   -2.4211226   -0.1891256   -1.5388960
   1723   -2.4728646   -0.1280902   -1.4550753
   1727   -2.3828890   -0.4552024   -1.5395123
   1731   -2.3801074   -0.1268903   -1.5293871
   1736   -2.4972012   -0.1602783   -1.2676404
   1750   -2.5007412   -0.0536344   -1.4054085
   1752   -2.6121581   -0.0847848   -1.4417200
   1755   -2.5477612   -0.0633145   -1.3893729
   1757   -2.5227153   -0.0812550   -1.3808609
   1759   -2.3942869   -0.1219422   -1.5483798
   1761   -2.4617391   -0.1238149   -1.4664001
   1762   -2.4843128   -0.3115973   -1.6346903
   1766   -2.5084162   -0.1129495   -1.4928321
   1776   -2.4708965   -0.0122521   -1.4993974
   1783   -2.3930175    0.0226907   -1.5441412
   1788   -2.3852186   -0.0441282   -1.5304025
   1796   -2.3129213   -0.0200481   -1.3383951
   1801   -2.4651766   -0.1623340   -1.4398812
   1803   -2.3440762   -0.2020345   -1.5551232
   1805   -2.4381299   -0.0160048   -1.4844375
   1807   -2.3759396    0.0251225   -1.3943228
   1810   -2.4102926   -0.1258743   -1.3493394
   1812   -2.3578687    0.0195475   -1.2143683
   1816   -2.3291247   -0.1743592   -1.3321843
   1817   -2.2422032   -0.1203126   -1.3294548
   1819   -2.1027520    0.1215691   -1.2729868
   1820   -2.3188686   -0.1255535   -1.4685956
   1824   -2.4085326   -0.0124202   -1.2071856
   1826   -2.1297414   -0.0227777   -1.3048530
   1829   -2.1127260   -0.2425705   -1.1293213
   1853   -2.2844219    0.0822067   -0.8551292
   1858   -2.4726772    0.0012632   -1.2369697
   1862   -2.0619125    0.1535404   -0.9543101
   1880   -2.0437775    0.1978670   -1.1250094
   1890   -2.1848152    0.1276558   -0.8757155
   1891   -2.2348380    0.0702128   -0.9311122
   1895   -2.3011227   -0.0499636   -1.6316527
   1902   -2.5444686   -0.1112366   -1.5904373
   1905   -2.4991806   -0.1287818   -1.4076935
   1909   -2.4586112   -0.1058381   -1.2995589
   1912   -2.5072167   -0.1314986   -1.1559969
   1916   -2.5712576   -0.1389455   -1.5267177
   1925   -2.5176225   -0.1031201   -1.4450098
   1926   -2.5290120   -0.0745534   -1.5690444
   1932   -2.4464905   -0.0402129   -1.3353430
   1935   -2.4667451   -0.1443362   -1.3912125
   1939   -2.4181316   -0.1121458   -1.1640109
   1940   -2.5767412   -0.1317676   -1.0761232
   1964   -3.0848212   -0.2989787   -1.4462593
   1968   -2.6558285   -0.2286124   -1.3692240
   1971   -2.8121626   -0.2500187   -1.3896642
   1974   -2.3964810    0.0241177   -1.2271281
   1977   -2.7062650   -0.1281560   -1.4049419
   1980   -2.6198111   -0.1272002   -1.5266731
   1990   -2.5058963   -0.1284181   -1.1460062
   1991   -2.5409229   -0.0485127   -1.1094338
   1997   -2.3109186    0.0087879   -1.1229326
   2000   -2.3038261    0.0896817   -1.1365412
   2001   -2.4334807    0.0079089   -1.1227361
   2006   -2.5028813   -0.0890159   -1.1248590
   2011   -2.7072306   -0.2512207   -1.4376013
   2012   -2.8214002   -0.2701193   -1.4003251
   2023   -2.4212046   -0.0128876   -1.0799603
   2026   -2.5241234   -0.0482063   -1.2463036
   2050   -2.9405775   -0.2267287   -1.5309122
   2051   -2.7075474   -0.5977574   -1.5801260
   2053   -2.9357283   -0.2412761   -1.5014614
   2069   -2.9117804   -0.2544079   -1.6129909
   2071   -2.8873906   -0.2216021   -1.4012828
   2085   -2.8541260   -0.1918060   -1.3648136
   2091   -2.7758803   -0.2512981   -1.4250594
   2092   -2.7241447   -0.2200395   -1.6127399
   2095   -2.7821884   -0.1845217   -1.3597128
   2097   -2.7218068   -0.1917174   -1.4312584
   2105   -2.7712727   -0.2035142   -1.2744747
   2112   -2.6903083   -0.1176002   -1.5672821
   2117   -2.7597253   -0.1971246   -1.4463772
   2120   -2.7649894   -0.2027683   -1.6717217
   2121   -2.8894377   -0.1852005   -1.6694903
   2122   -2.7485166   -0.2210347   -1.6096708
   2123   -2.7566330   -0.1918761   -1.7596251
   2124   -2.9245446   -0.2630868   -1.5547516
   2125   -2.8647659   -0.2076856   -1.4725764
   2126   -2.8760333   -0.2174543   -1.5997661
   2127   -2.6919210   -0.4490390   -1.8677729
   2128   -2.9373822   -0.2982431   -1.6904527
   2129   -2.7006123   -0.2701178   -1.6363977
   2132   -2.6951666   -0.1285779   -1.8326865
   2134   -2.5320160   -0.1253403   -1.7258235
   2141   -2.7032967   -0.1841112   -1.6041080
   2148   -2.6128631   -0.1052939   -1.3233366
   2150   -2.7259839   -0.1936416   -1.5713212
   2156   -3.0103328   -0.2919438   -1.4181254
   2157   -2.7951291   -0.1832789   -1.4909931
   2163   -2.6622839   -0.1546428   -1.6512091
   2169   -2.6822858   -0.1290862   -1.4476702
   2177   -2.9788780   -0.3131294   -1.2796726
   2194   -2.6441135   -0.1243310   -1.5218933
   2195   -2.6007128   -0.2159451   -1.5975305
   2199   -2.7597315   -0.2129584   -1.4012129
   2200   -2.7456043   -0.2050160   -1.6550128
   2201   -2.7479067   -0.2041976   -1.5091124
   2212   -2.7943637   -0.2690453   -1.7599821
   2236   -2.5861127   -0.1719119   -1.5072684
   2255   -2.6325088   -0.1243843   -1.1786840
   2260   -2.6940885   -0.1501236   -1.0183160
   2264   -2.5460749   -0.0412466   -1.2992077
   2267   -2.5783165   -0.1267520   -1.3384546
   2268   -2.5371237   -0.2198680   -1.0114770
   2273   -2.2201264    0.0639474   -0.9042440
   2276   -2.5964754   -0.1612529   -1.1524198
   2278   -2.4377012   -0.0521735   -1.2592813
   2280   -2.6121168   -0.1138505   -1.1685998
   2281   -2.5839243   -0.1312745   -1.2514963
   2284   -2.4312279   -0.0481202   -1.1964834
   2285   -2.3620455    0.0298263   -1.1287359
   2288   -2.6120741   -0.1170673   -1.5785980
   2302   -2.4370935   -0.1264687   -1.4660259
   2312   -2.7236543   -0.1984699   -1.9306576
   2314   -2.7759569   -0.1553917   -1.7591248
   2324   -2.7422857   -0.1245029   -1.8392582
   2326   -2.7112694   -0.1258516   -1.6243109
   2341   -2.6999900   -0.1221351   -1.4970044
   2349   -2.4724147   -0.0812853   -1.5856884
   2350   -2.6850436   -0.1240424   -1.5596166
   2355   -2.5777214   -0.1244360   -1.7640395
   2356   -2.6314220   -0.1202838   -1.6960382
   2363   -2.5191174   -0.3143125   -1.4378417
   2370   -2.5762923   -0.0827096   -1.5232012
   2372   -2.7020679   -0.1631289   -1.5458826
   2375   -2.5581124   -0.2061723   -1.4336021
   2379   -2.9031250   -0.2027596   -1.2760205
   2380   -2.6603341   -0.0868512   -1.4333833
   2387   -2.8085108   -0.3121304   -1.4521403
   2394   -2.3206322    0.0090008   -1.2020612
   2401   -2.5975091   -0.1598129   -1.6114821
   2409   -2.9395945   -0.2121440   -1.8966730
   2411   -2.6178551   -0.1250923   -1.9323504
   2412   -2.7350137   -0.2282749   -1.7992293
   2414   -2.6127291   -0.1332887   -1.4896246
   2425   -2.8527319   -0.1838612   -1.7362185
   2436   -2.8319802   -0.2778006   -1.9360127
   2438   -2.9288192   -0.3158719   -1.9412656
   2445   -2.6411128   -0.1465056   -1.7080740
   2447   -2.7952774   -0.2129921   -1.7803164
   2449   -2.7424085   -0.1700431   -1.8128427
   2456   -2.8816612   -0.2050704   -1.7917863
   2481   -2.7570124   -0.1556834   -1.3152879
   2496   -2.9653745   -0.3002644   -1.5342125
   2497   -2.6825843   -0.2472451   -1.7125866
   2498   -2.8791270   -0.2972432   -1.6416298
   2499   -3.0171249   -0.3127565   -1.5162781
   2511   -2.9903517   -0.3812589   -1.4830711
   2512   -3.0167053   -0.3380471   -1.4282057
   2513   -2.9128120   -0.2358768   -1.3399657
   2515   -2.8257482   -0.3202519   -1.3129311
   2520   -3.0125978   -0.3428790   -1.2547351
   2522   -2.8987134   -0.2816512   -1.4789388
   2524   -2.9859033   -0.3312627   -1.4016199
   2533   -2.7526639   -0.2792481   -1.3011712
   2537   -2.7940762   -0.3122781   -1.5927447
   2541   -2.7412517   -0.1763953   -1.4453068
   2551   -2.7637761   -0.2953143   -1.5039123
   2555   -2.8619893   -0.3411298   -1.2291671
   2559   -2.7552521   -0.3407105   -1.6741266
   2566   -2.7012484   -0.3936056   -1.6457546
   2567   -2.9336412   -0.4361734   -1.6386480
   2578   -2.6550756   -0.4572009   -1.6128162
   2586   -2.6862612   -0.3193747   -1.6886569
   2588   -2.8033192   -0.3200246   -1.5128224
   2612   -2.8501885   -0.4039840   -1.3179636
   2627   -2.5834198   -0.1470612   -1.0494510
   2634   -2.5708358   -0.1295441   -1.1460010
   2637   -3.0911205   -0.3196310   -1.5507092
   2643   -2.8672016   -0.2912284   -1.5956742
   2647   -2.9123499   -0.3171658   -1.4912571
   2650   -2.9763412   -0.4506741   -1.4416404
   2651   -2.9374609   -0.4049124   -1.5293890
   2653   -2.8743081   -0.5203494   -1.6120683
   2664   -2.9768608   -0.5511833   -1.4924126
   2669   -3.1232312   -0.3673722   -1.5151409
   2673   -3.0411165   -0.3475337   -1.3901112
   2687   -2.4712830   -0.1582983   -1.1411326
   2688   -2.6188242   -0.2361163   -1.1222863
   2695   -2.8055513   -0.1898417   -1.1219420
   2703   -3.0230148   -0.2907922   -1.3455012
   2707   -2.5702028   -0.0661785   -1.2436612
   2709   -2.6912951   -0.1482526   -1.0659125
   2712   -2.3930976   -1.3603003   -1.3666571
   2713   -2.6512423   -1.3829731   -1.5546596
   2718   -2.9812419   -0.6260621   -1.6403633
   2722   -2.7464585   -0.1281008   -0.9780023
   2723   -2.6125710   -0.1566578   -1.0265222
   2730   -2.2452507   -0.0128839   -0.8280477
   2731   -2.0649498    0.1280060   -0.7083858
   2732   -1.8341271    0.0514106   -0.5560167
   2736   -1.9653212   -0.0005530   -0.6052408
   2741   -1.8161265    0.3029261   -0.3737217
   2750   -2.0574045    0.1280061   -0.8526962
   2760   -2.0944867    0.1161794   -0.8281208
   2761   -2.3657126    0.0162257   -1.1333355
   2767   -1.7388166    0.2212032   -0.4867707
   2779   -1.9029185    0.1292664   -0.4351985
   2781   -2.0712259   -0.0060094   -0.6212977
   2782   -2.1274755    0.1362351   -0.8012637
   2785   -2.0138578    0.1365854   -0.6511126
   2793   -1.9951713    0.1208921   -0.6510106
   2805   -2.1296530    0.1270425   -0.4729476
   2807   -2.0518715   -0.1921539   -0.5841267
   2810   -1.7840544    0.0211202   -0.5876043
   2811   -1.9000125    0.1776267   -0.6755809
   2812   -1.9282179    0.2086154   -0.6445231
   2823   -2.0589545   -0.1274202   -0.9733995
   2826   -1.8112956    0.0931147   -0.6985173
   2829   -1.8963540    0.1203501   -0.7429296
   2838   -1.7836806    0.1219222   -0.7183350
   2845   -1.7201978    0.2390590   -0.5853127
   2858   -1.9740915    0.1206164   -0.5252780
   2876   -1.5871800    0.3586600   -0.5812987
   2877   -1.6064812    0.3341934   -0.5725194
   2887   -1.5470980    0.0895212   -0.3455800
   2889   -1.6413482    0.3785703   -0.2212912
   2895   -1.7479612    0.2026690   -0.5285322
   2910   -1.7594032    0.1675312   -0.5115480
   2912   -1.7751790    0.2502798   -0.6344631
   2913   -1.4193074    0.3123616   -0.2502035
   2915   -1.5595571    0.3112511   -0.3733743
   2917   -1.7412336    0.2475870   -0.6552555
   2933   -1.5712034    0.3611428   -0.4411750
   2934   -1.5274315    0.3072412   -0.2555571
   2936   -1.5682894    0.3212813   -0.4808267
   2939   -1.5256103    0.2891213   -0.2575220
   2950   -2.1586072    0.0771123   -0.5687692
   2958   -1.7606215    0.2767296   -0.5125394
   2961   -2.1648583    0.0681355   -0.6128621
   2964   -2.0033512    0.1468792   -0.5141066
   2974   -1.6850606    0.2763660   -0.4481217
   2978   -2.0033121    0.1182680   -0.6421614
   2982   -1.9827138    0.1458047   -0.3708912
   2983   -1.7194905    0.3084606   -0.3151612
   2984   -1.6912578    0.2889353   -0.3561614
   2991   -2.0438349    0.1237408   -0.2547657
   2997   -1.9881219    0.1507878   -0.3979806
   3004   -1.9020609    0.1712770   -0.4429339
   3006   -2.1280065    0.0820703   -0.3649344
   3007   -1.7235129    0.2134727   -0.3110272
   3012   -1.7701088    0.2256784   -0.5835236
   3020   -1.6125134    0.3361287   -0.2205628
   3023   -1.8433876    0.2052521   -0.5123064
   3025   -2.1711209   -0.0026260   -0.5144444
   3038   -1.6129586    0.2664424   -0.2244560
   3046   -1.9495274    0.1211692   -0.4291184
   3054   -1.6212416    0.2709969   -0.3325526
   3055   -1.9401983    0.1295229   -0.4445433
   3060   -2.0584908    0.0717863   -0.5112104
   3068   -1.6061261    0.2648773   -0.5877640
   3084   -2.1268158    0.1597948   -0.5332260
   3093   -1.5072548    0.2971267   -0.6142122
   3099   -2.1230814    0.0960506   -0.5217060
   3100   -2.1293812    0.1140314   -0.5392569
   3101   -2.0189123    0.1353293   -0.6667058
   3103   -1.9050142   -0.0583589   -0.5749121
   3104   -2.2812767   -0.2224908   -0.6769736
   3112   -2.4809666   -0.1311949   -0.5392701
   3120   -2.0564568   -0.0233630   -0.7691841
   3121   -1.8176832    0.2281283   -0.7209001
   3122   -1.7653859    0.2391866   -0.5525435
   3123   -1.8108555    0.2263118   -0.7042387
   3124   -1.6207559    0.3325647   -0.6760883
   3125   -1.6495309    0.3012877   -0.6003043
   3126   -1.6635840    0.3382340   -0.6348544
   3127   -1.5346845    0.2907586   -0.4931747
   3128   -1.7572352    0.1905579   -0.4868679
   3129   -1.6885343    0.2580751   -0.6285892
   3132   -1.7607212    0.1790414   -0.4853289
   3138   -1.8319162    0.1259664   -0.6346643
   3144   -1.8248928    0.1774022   -0.8071215
   3156   -1.8481890    0.2310808   -0.4121175
   3157   -1.8908945    0.2202124   -0.5761390
   3168   -1.7127908    0.2566997   -0.2776802
   3169   -1.9746387    0.1206418   -0.4805119
   3176   -2.0800812    0.0403840   -0.1726945
   3179   -1.8671244    0.2180370   -0.3706073
   3186   -1.5271041    0.2915034   -0.4192612
   3197   -1.7131242   -0.1881107   -0.3321817
   3203   -1.8705412   -0.6253319   -0.4370541
   3212   -1.3725637   -1.3396317   -0.1463613
   3220   -1.2668897   -1.4209253   -0.1430123
   3223   -1.4301931   -1.4588109   -0.2771204
   3230   -1.4821264   -1.4443769   -0.3208262
   3232   -1.2507080   -1.4014202   -0.3561218
   3235   -1.5785308   -1.4322820   -0.6412196
   3242   -1.4168538   -1.4589969   -0.1269986
   3244   -1.2455559   -1.2325125   -0.2530025
   3248   -1.2721759   -1.0504128   -0.4233215
   3249   -1.2079675   -1.4120319   -0.2300106
   3251   -1.4746227   -1.3977125   -0.2804465
   3258   -1.2742949   -1.4308476   -0.2611273
   3263   -1.2234143   -1.3528812   -0.2257235
   3269   -1.2738097   -1.3683685   -0.2711279
   3283   -1.7041602   -0.1205032   -0.3361697
   3284   -1.5974847    0.2903812   -0.3421015
   3289   -1.7400390    0.1781908   -0.1298374
   3296   -1.7234139    0.3135007   -0.2488126
   3300   -1.8934444    0.2124809   -0.1955689
   3307   -1.6865023    0.0336912   -0.2789715
   3310   -1.7848885   -0.0824129   -0.2715021
   3312   -1.5465930   -0.2749763   -0.2725968
   3316   -1.6090126    0.3474955   -0.2196124
   3322   -1.6151880    0.1463728   -0.1429512
   3324   -1.8921216    0.2094141   -0.1092903
   3346   -1.6957434    0.2740627   -0.3127277
   3377   -1.7763317    0.2874382   -0.1222262
   3382   -1.6413218    0.2072965   -0.4272127
   3384   -1.8170279    0.2861210   -0.3732118
   3386   -1.8958961    0.2627259   -0.3401251
   3387   -1.9485542    0.1762120   -0.4839914
   3389   -1.7611260    0.3200139   -0.2327844
   3394   -1.6906000    0.3412435   -0.5054498
   3406   -2.2123394    0.1375750   -0.6285468
   3409   -2.1077812    0.2143444   -0.5002751
   3411   -2.0608332    0.1803125   -0.3854876
   3412   -2.0841162    0.1261927   -0.3546033
   3414   -1.7030269    0.2745127   -0.4632705
   3416   -1.5422412    0.2979130   -0.3758787
   3418   -1.5159929    0.3782910   -0.4080123
   3420   -1.5029230    0.4372250   -0.5720912
   3423   -1.6374396    0.3712905   -0.6533151
   3451   -1.7226952    0.3443512   -0.6092506
   3453   -1.6136049    0.3901248   -0.6524115
   3456   -2.0514112    0.1925502   -0.5139709
   3460   -2.0846264    0.1305381   -0.4481220
   3465   -1.9612879    0.1180913   -0.7083427
   3466   -1.8027104    0.1203827   -0.6863937
   3467   -1.9988278    0.1530829   -0.4718512
   3473   -2.2575824    0.0126436   -0.7127765
   3476   -2.1344562    0.1114884   -0.5312871
   3482   -2.0839720    0.1402379   -0.6612538
   3487   -2.0575075    0.1220426   -0.4782813
   3489   -2.0570383    0.1134213   -0.5121766
   3493   -1.9067122    0.1555648   -0.4705377
   3512   -1.9366658    0.1364708   -0.7901704
   3515   -2.0032847    0.1286871   -0.6362938
   3535   -1.8526412    0.2148128   -0.7466459
   3536   -2.1765232    0.1091124   -0.9459850
   3543   -1.7488005    0.2815865   -0.6000129
   3549   -1.9149393    0.1934240   -0.6781262
   3555   -2.0128434    0.1186029   -0.7249550
   3558   -1.9315366   -0.1260143   -0.6407354
   3563   -1.9236983    0.1274669   -0.3524447
   3568   -1.6924078   -0.2130612   -0.4527256
   3574   -1.7551008    0.0643550   -0.1216778
   3577   -2.1125691   -0.0354492   -0.5433764
   3580   -2.3512378   -0.9575297   -0.8166980
   3582   -2.2484584   -0.2511519   -0.7025812
   3591   -1.6371335   -1.6099122   -0.4301515
   3593   -1.4022173   -1.5789164   -0.2843412
   3600   -1.6306366   -1.7075087   -0.7112839
   3607   -1.3467660   -1.5657198   -0.1115812
   3612   -1.3697721   -1.5660665   -0.1317827
   3614   -1.2812257   -1.5997461   -0.1317299
   3620   -1.5043122   -1.6253070   -0.2948404
   3621   -1.3058120   -1.5847826   -0.0720628
   3626   -1.7125607   -1.7620424   -0.5718670
   3630   -1.7179871   -1.7071204   -0.5340570
   3646   -1.4175316   -1.6005768   -0.0712498
   3652   -1.6741261   -1.7341619   -0.4230660
   3664   -1.4083515   -1.6640966   -0.0041218
   3679   -1.2696660   -1.6038928   -0.3005512
   3682   -1.4361129   -1.5864460    0.0227640
   3692   -1.5204828   -1.6743978   -0.4125804
   3695   -1.4452193   -1.5851012   -0.1744104
   3696   -1.5076374   -1.5858520   -0.1266782
   3705   -1.3303342   -1.6529012   -0.1626550
   3712   -1.7285737   -1.6677161   -0.4403244
   3742   -1.1851292   -1.5262157    0.1530970
   3748   -1.3909973   -1.6609812   -0.2722249
   3756   -1.7371250   -1.7417204   -0.3185872
   3758   -1.4941212   -1.6137916   -0.1293904
   3773   -1.8005905   -1.7235296   -0.3124793
   3793   -1.6835450   -1.6862656   -0.1325312
   3794   -1.5124104   -1.5663438   -0.0801293
   3795   -1.6260622   -1.7022555   -0.6212229
   3806   -1.3516123   -1.5409578   -0.0726827
   3810   -1.8221363   -1.6666415   -0.4739127
   3812   -1.4742039   -1.6397814   -0.2649858
   3815   -1.4247824   -1.5452279   -0.1123835
   3831   -1.2512616   -1.4530452   -0.4251136
   3833   -0.9866925   -1.2512894   -0.3631290
   3835   -1.1877124   -1.3326601   -0.4374752
   3837   -1.1517643   -1.4120319   -0.2131192
   3838   -1.2012177   -1.3826315   -0.2787135
   3844   -1.1664129   -1.4499530   -0.2507980
   3847   -1.4559296   -1.5507668   -0.1801255
   3864   -1.4163605   -1.5382550   -0.1283103
   3868   -1.3384687   -1.4869995   -0.0671279
   3869   -1.2246768   -1.5120995    0.0751682
   3871   -1.2978678   -1.5788238   -0.1128219
   3880   -1.4752927   -1.6083456    0.0670812
   3881   -1.4497126   -1.6207833    0.0094259
   3884   -1.2688812   -1.4029448   -0.2418072
   3886   -1.2298441   -1.4664662   -0.1223513
   3894   -1.3119998   -1.5543127   -0.3576829
   3901   -1.3123298   -1.5974144   -0.3701757
   3911   -1.2940128   -1.4745557   -0.0918915
   3912   -1.5269512   -1.5917490   -0.1503241
   3913   -1.4166939   -1.5846126    0.1857815
   3918   -1.2525121   -1.4809519   -0.0724378
   3928   -1.5505612   -1.6504544   -0.1651981
   3939   -1.3731093   -1.5982479   -0.0561512
   3942   -1.4212935   -1.4923633   -0.3578648
   3943   -1.4159267   -1.5346730   -0.1238962
   3950   -1.6731682   -1.7145743   -0.4967712
   3958   -2.0470052   -1.8061205   -0.3223730
   3959   -1.7212465   -1.4194236   -0.1620887
   3961   -1.5612762   -1.5375150   -0.3676015
   3962   -1.6912326   -1.6191121   -0.2491461
   3966   -1.7864708   -1.6869074   -0.1259467
   3986   -1.6763965   -1.6693729   -0.1574126
   3991   -1.7458671   -1.6881925   -0.1288302
   3997   -1.6302902   -1.5812018   -0.3019727
   3998   -1.8384904   -1.5455433   -0.3841281
   4007   -1.3641026   -1.5512921   -0.2382771
   4011   -1.7548594   -1.6512648   -0.0972417
   4012   -1.6542748   -1.5882109    0.0747521
   4017   -1.5377393   -1.4125606    0.0072014
   4030   -1.5239124   -1.6793803   -0.2609408
   4031   -1.3286158   -1.4305658   -0.3122141
   4041   -1.2211229   -1.5037458   -0.2992804
   4046   -1.1596211   -1.4325186   -0.3120998
   4047   -1.4113563   -1.5659429   -0.4571255
   4050   -1.4635032   -1.4912100   -0.2697537
   4054   -1.7246213   -1.6612977   -0.3625159
   4064   -2.0008121   -1.5627714   -0.6303520
   4092   -1.9383212   -1.8720078   -0.4247365
   4095   -1.9944853   -1.7911261   -0.2947165
   4098   -1.5930569   -1.7547840   -0.1012106
   4100   -1.4967104   -1.6712779   -0.1207463
   4112   -1.8542080   -1.7219138   -0.1202483
   4113   -1.8797631   -1.2804033   -0.2671269
   4120   -1.4781656   -1.6578108   -0.2067435
   4121   -1.7931931   -1.8254765   -0.1239879
   4122   -1.8748392   -1.6738535   -0.2738243
   4123   -1.8114275   -1.7925080   -0.3251699
   4124   -1.8624913   -1.8108789   -0.2160249
   4125   -1.5535218   -1.7224600   -0.4009675
   4126   -1.8034768   -1.6892951   -0.4000428
   4127   -1.7101758   -1.7223336   -0.1102603
   4128   -1.6920369   -1.7826957   -0.3260265
   4129   -1.8466817   -1.8501644   -0.0804291
   4144   -1.6351027   -1.7544123   -0.2549444
   4150   -1.5197655   -1.6408863   -0.1246949
   4153   -1.5591224   -1.6888137   -0.3823204
   4157   -1.7065207   -1.7212745   -0.2038732
   4159   -1.5258416   -1.6891961   -0.5125541
   4160   -1.5819651   -1.6606687   -0.3466124
   4172   -1.6127975   -1.7485044   -0.1897335
   4175   -1.6126578   -1.6621062    0.0493034
   4176   -1.5129879   -1.6728078   -0.1233811
   4178   -1.7438415   -1.7637925   -0.0450212
   4181   -1.6004356   -1.6583560    0.1128297
   4190   -1.5660914   -1.7348231   -0.1255055
   4194   -1.7011284   -1.7466708    0.1961282
   4202   -1.5562125   -1.7164917   -0.0334984
   4204   -1.5391721   -1.7100129    0.0272364
   4209   -1.4690742   -1.7154912   -0.3187518
   4212   -1.4682968   -1.6206912   -0.0980332
   4213   -1.5442941   -1.6821542   -0.0244121
   4221   -1.4624730   -1.3299602   -0.2128677
   4225   -1.6186397   -1.6479011   -0.1264501
   4229   -1.4509476   -1.6059179   -0.1278721
   4235   -1.4310573   -1.5396687    0.0045128
   4239   -1.5127132   -1.6147145    0.0845146
   4242   -1.4684502   -1.6094836    0.0312612
   4244   -1.3712231   -1.6168637   -0.1255535
   4245   -1.3461125   -1.5474981   -0.2021260
   4251   -1.6357073   -1.7026930   -0.1209669
   4252   -1.4168288   -1.6546181   -0.1321265
   4255   -1.6156437   -1.7408285   -0.1881232
   4257   -1.3725128   -1.6435657   -0.3133131
   4265   -1.4362382   -1.5597262   -0.1242871
   4267   -1.5431226   -1.6528906   -0.0994798
   4312   -1.3519037   -1.5349205   -0.0533802
   4314   -1.4985708   -1.6127959   -0.0370651
   4315   -1.4616746   -1.5825957    0.1225414
   4316   -1.5125885   -1.5930637   -0.0621330
   4317   -1.6124961   -1.6973077   -0.0432123
   4323   -1.5141845   -1.7120888    0.0458640
   4332   -1.2597195   -1.6482712   -0.5668831
   4338   -1.5412045   -1.6749227   -0.2224694
   4362   -1.5129819   -1.5885193   -0.1911408
   4371   -1.5651429   -1.6904129   -0.1536177
   4373   -1.5205402   -1.6620793   -0.1611247
   4380   -1.5634362   -1.6807332   -0.1217774
   4383   -1.4991217   -1.7363917   -0.0265279
   4398   -1.4326576   -1.5747164   -0.2309122
   4411   -1.4036319   -1.5341456   -0.1237978
   4412   -1.3954176   -1.5538442   -0.0245106
   4420   -1.3951812   -1.5736639   -0.0420968
   4421   -1.5064162   -1.5339204    0.1236458
   4425   -1.5387244   -1.6392820    0.1286175
   4429   -1.4821258   -1.6194402    0.0053000
   4441   -1.4472412   -1.6237810    0.0418065
   4449   -1.6012267   -1.4719467    0.3527546
   4451   -1.6433706   -1.1446781    0.2278212
   4467   -1.2288864   -1.5329708   -0.1241088
   4476   -1.3537073   -1.5492358   -0.0812826
   4486   -1.0562350   -1.4322480   -0.1431284
   4488   -1.1692126   -1.4969767   -0.2849703
   4490   -1.1293132   -1.4995495   -0.1821601
   4496   -1.2918215   -1.5310280   -0.0343123
   4499   -1.2548434   -1.4912690   -0.1063781
   4500   -1.2350422   -1.4539707   -0.0841249
   4506   -1.3775898   -1.4315412   -0.2442738
   4509   -1.3425314   -1.3731239   -0.1419816
   4512   -1.2945933   -1.4489673   -0.1783300
   4514   -1.3674884   -1.4562480   -0.1261180
   4517   -1.3080889   -1.4814012   -0.1855674
   4534   -1.2092432   -1.5037452   -0.2214212
   4551   -1.4792212   -1.5391713   -0.2141439
   4554   -1.6301317   -1.5636935   -0.2412716
   4561   -1.2332212   -1.4676865   -0.3440000
   4565   -1.5840116   -1.6144789   -0.0688312
   4568   -1.5950738   -1.6143342   -0.1292772
   4595   -1.4291048   -1.5777125    0.0043545
   4596   -1.3779877   -1.5142181   -0.1208738
   4605   -1.4886806   -1.6161245   -0.0828301
   4606   -1.4863628   -1.6450866   -0.1241295
   4608   -1.5661281   -1.4615065    0.0637724
   4612   -1.3876120   -1.5058661   -0.2867286
   4622   -1.5897064   -1.6938875    0.0012231
   4623   -1.3312345   -1.5747241    0.0236830
   4624   -1.4417379   -1.6141905    0.0676128
   4635   -1.6202677   -1.6250129    0.0281955
   4641   -1.4765612   -1.5761998    0.1520554
   4651   -1.3512297   -1.5163995    0.1113937
   4657   -1.4407263   -1.5094141   -0.1771230
   4658   -1.5924125   -1.5670580    0.0535473
   4659   -1.4597632   -1.5371970    0.1324612
   4661   -1.3729938   -1.3126904   -0.0979609
   4676   -1.3852358   -1.5402087   -0.1252877
   4689   -1.4129590   -1.5191381    0.0524359
   4696   -1.3174121   -1.4397438   -0.0601881
   4707   -1.7313075   -1.6412418    0.2059597
   4712   -1.4028487   -1.5785894   -0.0542635
   4720   -1.3105917   -1.4791188   -0.2092412
   4734   -1.3459250   -1.5745322   -0.1281461
   4743   -1.6138104   -1.4833403   -0.1244924
   4746   -1.1213295   -1.5272341   -0.5105182
   4749   -1.3679302   -1.4705312   -0.1596291
   4754   -1.4301262   -1.4304365    0.0245287
   4769   -1.5614591   -1.6126122   -0.0878322
   4772   -1.2624344   -1.5653366   -0.0681255
   4778   -1.4310167   -1.6129607   -0.0069330
   4782   -1.4954669   -1.6258148    0.0642129
   4790   -1.4639124   -1.6261880   -0.1850730
   4791   -1.5752771   -1.6660839   -0.2125306
   4792   -1.6131120   -1.5628937   -0.1462806
   4809   -1.2262920   -1.4877524   -0.1257211
   4812   -1.4382803   -1.5527544    0.0017492
   4813   -1.3487941   -1.4998022   -0.0906912
   4817   -1.4125309   -1.5598072   -0.0641616
   4823   -1.5678312   -1.6256149   -0.1857046
   4833   -1.4949015   -1.5669800   -0.3124686
   4855   -1.3402399   -1.3939996   -0.3912274
   4866   -1.4399112   -1.5021648   -0.1867332
   4870   -1.4684050   -1.6001205   -0.2125133
   4871   -1.4193974   -1.5329136   -0.1298017
   4880   -1.1282264   -1.4156101   -0.2690726
   4896   -1.4266692   -1.5363932   -0.1284946
   4899   -1.6880312   -1.6107236   -0.2313893
   4905   -1.5056235   -1.5352763   -0.1292789
   4908   -1.6121929   -1.5722110   -0.0851845
   4909   -1.5146883   -1.5912008   -0.1286742
   4912   -1.4044865   -1.5714146   -0.1776339
   4916   -1.4275122   -1.6020641   -0.3569530
   4927   -1.3481264   -1.4927561    0.0014395
   4935   -1.4977852   -1.6550112   -0.0039394
   4941   -1.3686340   -1.6125797   -0.1277611
   4942   -1.3729960   -1.5071275    0.0306229
   4945   -1.5175545   -1.4428960   -0.1245111
   4952   -1.3910602   -1.5497664   -0.1220765
   4965   -1.4128630   -1.5284683   -0.0610413
   4970   -1.2612900   -1.4796324   -0.1905314
   4982   -1.3499171   -1.5369911   -0.1778912
   4985   -1.4278778   -1.4091288    0.0477033
   4998   -1.1114329   -1.4727867   -0.1215294
